# Example Tully-Fisher relation dataset with errors in both co-ordinates
# From http://astroweb.cwru.edu/SPARC/BTFR_Lelli2016a.mrt
# First col: log_10 baryonic mass (Msun)
# Second col: standard error on log_10 of baryonic mass
# Third col: log_10 of rotation speed (km/s)
# Fourth col: standard error on log_10 of rotation speed
 8.68  0.06  1.76  0.02
 8.59  0.06  1.67  0.01
 9.32  0.26  1.82  0.03
 8.81  0.06  1.73  0.03
 9.10  0.26  1.78  0.03
10.47  0.24  2.24  0.01
 9.55  0.27  2.04  0.01
11.27  0.16  2.50  0.02
 9.72  0.10  2.05  0.11
 9.87  0.19  2.15  0.01
 9.90  0.10  1.99  0.04
 9.52  0.22  1.93  0.03
 9.28  0.06  1.82  0.02
11.03  0.13  2.38  0.02
 8.29  0.26  1.53  0.03
 9.45  0.09  2.03  0.02
 9.64  0.08  1.93  0.03
 9.78  0.08  2.02  0.03
10.86  0.22  2.21  0.04
 9.43  0.08  1.97  0.09
11.27  0.13  2.34  0.01
10.88  0.11  2.33  0.01
10.05  0.26  2.04  0.02
10.68  0.23  2.22  0.01
 9.97  0.08  2.12  0.02
10.62  0.11  2.19  0.02
11.03  0.13  2.45  0.02
10.65  0.28  2.27  0.02
 9.00  0.06  1.92  0.04
 9.20  0.10  1.93  0.05
11.03  0.15  2.32  0.02
 8.86  0.06  1.82  0.02
10.53  0.11  2.18  0.01
10.67  0.28  2.32  0.03
10.64  0.15  2.23  0.02
 8.41  0.06  1.70  0.02
10.22  0.14  2.07  0.03
10.58  0.16  2.23  0.01
10.57  0.15  2.24  0.03
10.13  0.15  2.13  0.01
10.37  0.15  2.21  0.02
10.87  0.16  2.34  0.01
 9.94  0.15  2.12  0.01
11.13  0.12  2.38  0.01
10.09  0.14  2.10  0.02
10.64  0.16  2.24  0.02
10.71  0.16  2.20  0.02
10.10  0.15  2.12  0.02
10.81  0.15  2.23  0.02
10.53  0.15  2.20  0.01
10.38  0.16  2.17  0.02
10.80  0.15  2.27  0.02
10.00  0.14  2.04  0.02
10.66  0.16  2.26  0.02
10.96  0.13  2.42  0.03
10.85  0.27  2.29  0.01
10.96  0.10  2.25  0.03
11.27  0.24  2.32  0.01
11.25  0.19  2.38  0.03
 9.57  0.27  1.96  0.02
11.06  0.10  2.33  0.01
10.38  0.27  2.19  0.02
11.35  0.13  2.40  0.03
 9.94  0.09  2.07  0.01
11.18  0.19  2.38  0.03
10.61  0.28  2.22  0.05
11.15  0.13  2.38  0.01
10.26  0.13  2.21  0.01
10.59  0.11  2.34  0.01
10.20  0.14  2.11  0.05
 9.45  0.26  1.92  0.04
 9.80  0.22  2.03  0.08
 9.41  0.26  1.87  0.02
 9.18  0.26  1.94  0.03
11.43  0.16  2.52  0.05
11.41  0.12  2.46  0.02
10.97  0.15  2.26  0.04
11.15  0.28  2.42  0.03
10.84  0.20  2.34  0.02
10.73  0.24  2.29  0.03
10.10  0.23  2.10  0.02
 9.28  0.27  1.96  0.03
 9.35  0.26  1.86  0.02
11.03  0.23  2.33  0.04
 9.24  0.22  1.86  0.06
 9.01  0.26  1.90  0.03
 9.77  0.27  2.05  0.02
 9.31  0.14  1.93  0.02
 9.37  0.26  1.91  0.03
10.96  0.12  2.30  0.11
 9.25  0.13  1.92  0.02
10.64  0.24  2.34  0.02
10.75  0.24  2.39  0.01
 9.35  0.13  1.85  0.03
 9.79  0.14  2.04  0.02
 9.40  0.14  1.90  0.02
 9.94  0.13  2.03  0.06
10.47  0.16  2.24  0.02
 9.82  0.13  2.04  0.02
 9.88  0.26  1.81  0.01
 9.29  0.08  1.87  0.02
 9.20  0.27  2.01  0.02
 9.55  0.06  1.90  0.03
 8.73  0.26  1.79  0.02
 8.98  0.27  1.76  0.05
 9.17  0.07  1.92  0.01
 9.17  0.11  1.90  0.03
 8.72  0.26  1.76  0.01
10.98  0.24  2.26  0.03
10.78  0.11  2.18  0.03
11.29  0.19  2.36  0.04
 9.39  0.27  1.85  0.07
11.31  0.16  2.43  0.01
10.88  0.28  2.46  0.06
11.07  0.11  2.37  0.03
 9.47  0.26  1.86  0.03
 8.62  0.06  1.75  0.03
 7.98  0.06  1.57  0.06
